%%BoundingBox: 57 24 555 768
%%HiResBoundingBox: 57.509998 24.731999 554.408983 767.213977
%%BoundingBox: 57 24 556 768
%%HiResBoundingBox: 57.257998 24.731999 555.659983 767.213977
%%BoundingBox: 57 24 556 768
%%HiResBoundingBox: 57.257998 24.533999 555.677983 767.213977
%%BoundingBox: 57 24 556 768
%%HiResBoundingBox: 57.347998 24.731999 555.623983 767.213977
%%BoundingBox: 57 24 556 768
%%HiResBoundingBox: 57.347998 24.533999 555.623983 767.213977
%%BoundingBox: 57 24 556 768
%%HiResBoundingBox: 57.347998 24.533999 555.677983 767.213977
%%BoundingBox: 57 24 556 768
%%HiResBoundingBox: 57.365998 24.731999 555.695983 767.213977
%%BoundingBox: 57 24 556 768
%%HiResBoundingBox: 57.257998 24.533999 555.623983 767.213977
%%BoundingBox: 57 24 556 768
%%HiResBoundingBox: 57.257998 24.533999 555.659983 767.213977
%%BoundingBox: 57 24 556 768
%%HiResBoundingBox: 57.347998 24.533999 555.623983 767.213977
%%BoundingBox: 57 24 556 768
%%HiResBoundingBox: 57.365998 24.731999 555.623983 767.213977
%%BoundingBox: 57 24 556 768
%%HiResBoundingBox: 57.257998 24.731999 555.659983 767.213977
%%BoundingBox: 57 24 556 768
%%HiResBoundingBox: 57.365998 24.533999 555.641983 767.213977
%%BoundingBox: 57 24 556 768
%%HiResBoundingBox: 57.383998 24.731999 555.533983 767.213977
